5.000000000000000278e-02 1.112767898871653421e-02 6.536272688119669494e-02 -1.777417791175121137e-02
6.000000000000000472e-02 1.112767898871653421e-02 6.280072261538797995e-02 -1.932243147860432733e-02
7.000000000000000666e-02 1.112767898871653421e-02 5.976891621469636318e-02 -2.068450091695279644e-02
8.000000000000001554e-02 1.112767898871653421e-02 5.636114851864116454e-02 -2.190236560174802991e-02
9.000000000000001055e-02 1.112767898871653421e-02 5.273374626459501752e-02 -2.302813893135275194e-02
1.000000000000000056e-01 1.112767898871653421e-02 4.895036540454284629e-02 -2.407416488810715585e-02
1.500000000000000222e-01 1.112767898871653421e-02 2.810315025998566876e-02 -2.817976249541708986e-02
2.000000000000000389e-01 1.112767898871653421e-02 5.749023007631354557e-03 -3.105190330768400203e-02
2.500000000000000555e-01 1.112767898871653421e-02 -1.745798223286331233e-02 -3.308417941029256903e-02
3.000000000000000444e-01 1.112767898871653421e-02 -4.142891127214234220e-02 -3.445916777339035758e-02
3.500000000000000888e-01 1.112767898871653421e-02 -6.627263949975721602e-02 -3.543003340656506600e-02
4.000000000000001332e-01 1.112767898871653421e-02 -9.199305223391075759e-02 -3.580413109376646974e-02
4.500000000000000666e-01 1.112767898871653421e-02 -1.191402074831222624e-01 -3.589349918591994842e-02
5.000000000000001110e-01 1.112767898871653421e-02 -1.481138639805731350e-01 -3.575887387167177300e-02
5.500000000000001554e-01 1.112767898871653421e-02 -1.794915479484849585e-01 -3.539001115950246579e-02
6.000000000000001998e-01 1.112767898871653421e-02 -2.143089032888994550e-01 -3.497502672834731929e-02
6.500000000000001332e-01 1.112767898871653421e-02 -2.530581660846401015e-01 -3.439565951259163090e-02
7.000000000000001776e-01 1.112767898871653421e-02 -2.835638669362453568e-01 -3.336639173824351712e-02
7.500000000000002220e-01 1.112767898871653421e-02 -3.117583283049447096e-01 -3.320113204305384647e-02
8.000000000000001554e-01 1.112767898871653421e-02 -3.462008036733676963e-01 -3.334390519180896462e-02
8.500000000000001998e-01 1.112767898871653421e-02 -3.931764343531888306e-01 -3.382183008070663299e-02
9.000000000000002442e-01 1.112767898871653421e-02 -4.730375711891022794e-01 -3.550268121210416877e-02
9.500000000000002887e-01 1.112767898871653421e-02 -6.588869239252198584e-01 -4.028265439302016609e-02
