5.000000000000000278e-02 1.112767898871653421e-02 1.568987833768686058e-01 -2.665884083569182786e-02
6.000000000000000472e-02 1.112767898871653421e-02 1.588404708664067078e-01 -2.898734902183805473e-02
7.000000000000000666e-02 1.112767898871653421e-02 1.596524329131740472e-01 -3.103613507046532397e-02
8.000000000000001554e-02 1.112767898871653421e-02 1.595848162991195252e-01 -3.284501923429450354e-02
9.000000000000001055e-02 1.112767898871653421e-02 1.589281414446422069e-01 -3.453373352586764505e-02
1.000000000000000056e-01 1.112767898871653421e-02 1.578264729740764261e-01 -3.612291004261680705e-02
1.500000000000000222e-01 1.112767898871653421e-02 1.472932375697517116e-01 -4.226046460289058226e-02
2.000000000000000389e-01 1.112767898871653421e-02 1.324917395785906171e-01 -4.657104434074298138e-02
2.500000000000000555e-01 1.112767898871653421e-02 1.155799928254481468e-01 -4.960496425826615291e-02
3.000000000000000444e-01 1.112767898871653421e-02 9.735722816091453569e-02 -5.164835786106462823e-02
3.500000000000000888e-01 1.112767898871653421e-02 7.846307216474855684e-02 -5.315521124295142369e-02
4.000000000000001332e-01 1.112767898871653421e-02 5.859723623448895996e-02 -5.368002940573150111e-02
4.500000000000000666e-01 1.112767898871653421e-02 3.820169275538205095e-02 -5.387518898191196587e-02
5.000000000000001110e-01 1.112767898871653421e-02 1.690950543877690893e-02 -5.367258587172358403e-02
5.500000000000001554e-01 1.112767898871653421e-02 -5.405598794586161798e-03 -5.314149794931254805e-02
6.000000000000001998e-01 1.112767898871653421e-02 -2.925675073987153707e-02 -5.244480995041419374e-02
6.500000000000001332e-01 1.112767898871653421e-02 -5.449488240291094909e-02 -5.164326950842827030e-02
7.000000000000001776e-01 1.112767898871653421e-02 -6.782665931126458103e-02 -5.070160158623749497e-02
7.500000000000002220e-01 1.112767898871653421e-02 -7.415783439203015026e-02 -5.001888588233287941e-02
8.000000000000001554e-01 1.112767898871653421e-02 -7.730223368532386508e-02 -5.004584028749506364e-02
8.500000000000001998e-01 1.112767898871653421e-02 -7.905374960036189169e-02 -5.062203714498209745e-02
9.000000000000002442e-01 1.112767898871653421e-02 -8.293227011152921879e-02 -5.309713742827473076e-02
9.500000000000002887e-01 1.112767898871653421e-02 -9.855825935950372763e-02 -6.065615460269990766e-02
