0.000000000000000000e+00 0.000000000000000000e+00 0.000000000000000000e+00
0.000000000000000000e+00 1.000000000000000000e+00 5.000000000000000278e-02
0.000000000000000000e+00 2.000000000000000000e+00 8.000000000000001554e-02
0.000000000000000000e+00 3.000000000000000000e+00 1.000000000000000056e-01
0.000000000000000000e+00 4.000000000000000000e+00 1.400000000000000133e-01
0.000000000000000000e+00 5.000000000000000000e+00 1.600000000000000311e-01
0.000000000000000000e+00 6.000000000000000000e+00 1.800000000000000211e-01
0.000000000000000000e+00 7.000000000000000000e+00 2.200000000000000289e-01
0.000000000000000000e+00 8.000000000000000000e+00 2.400000000000000189e-01
1.000000000000000000e+00 0.000000000000000000e+00 0.000000000000000000e+00
1.000000000000000000e+00 1.000000000000000000e+00 1.200000000000000094e-01
1.000000000000000000e+00 2.000000000000000000e+00 1.800000000000000211e-01
1.000000000000000000e+00 3.000000000000000000e+00 2.400000000000000189e-01
1.000000000000000000e+00 4.000000000000000000e+00 3.000000000000000444e-01
1.000000000000000000e+00 5.000000000000000000e+00 3.400000000000000799e-01
1.000000000000000000e+00 6.000000000000000000e+00 4.000000000000000222e-01
1.000000000000000000e+00 7.000000000000000000e+00 4.600000000000000755e-01
1.000000000000000000e+00 8.000000000000000000e+00 5.000000000000001110e-01
2.000000000000000000e+00 0.000000000000000000e+00 8.000000000000001554e-02
2.000000000000000000e+00 1.000000000000000000e+00 1.800000000000000211e-01
2.000000000000000000e+00 2.000000000000000000e+00 2.800000000000000266e-01
2.000000000000000000e+00 3.000000000000000000e+00 3.600000000000000977e-01
2.000000000000000000e+00 4.000000000000000000e+00 4.600000000000000755e-01
2.000000000000000000e+00 5.000000000000000000e+00 5.400000000000000355e-01
2.000000000000000000e+00 6.000000000000000000e+00 6.400000000000001243e-01
2.000000000000000000e+00 7.000000000000000000e+00 7.400000000000001021e-01
2.000000000000000000e+00 8.000000000000000000e+00 9.800000000000000933e-01
3.000000000000000000e+00 0.000000000000000000e+00 1.000000000000000056e-01
3.000000000000000000e+00 1.000000000000000000e+00 2.400000000000000189e-01
3.000000000000000000e+00 2.000000000000000000e+00 3.800000000000000044e-01
3.000000000000000000e+00 3.000000000000000000e+00 5.000000000000001110e-01
3.000000000000000000e+00 4.000000000000000000e+00 6.400000000000001243e-01
3.000000000000000000e+00 5.000000000000000000e+00 8.000000000000001554e-01
3.000000000000000000e+00 6.000000000000000000e+00 9.800000000000000933e-01
3.000000000000000000e+00 7.000000000000000000e+00 9.800000000000000933e-01
3.000000000000000000e+00 8.000000000000000000e+00 9.800000000000000933e-01
4.000000000000000000e+00 0.000000000000000000e+00 1.400000000000000133e-01
4.000000000000000000e+00 1.000000000000000000e+00 3.200000000000000622e-01
4.000000000000000000e+00 2.000000000000000000e+00 4.800000000000000933e-01
4.000000000000000000e+00 3.000000000000000000e+00 6.600000000000000311e-01
4.000000000000000000e+00 4.000000000000000000e+00 9.800000000000000933e-01
4.000000000000000000e+00 5.000000000000000000e+00 9.800000000000000933e-01
4.000000000000000000e+00 6.000000000000000000e+00 9.800000000000000933e-01
4.000000000000000000e+00 7.000000000000000000e+00 9.800000000000000933e-01
4.000000000000000000e+00 8.000000000000000000e+00 9.800000000000000933e-01
5.000000000000000000e+00 0.000000000000000000e+00 1.800000000000000211e-01
5.000000000000000000e+00 1.000000000000000000e+00 3.800000000000000044e-01
5.000000000000000000e+00 2.000000000000000000e+00 6.000000000000000888e-01
5.000000000000000000e+00 3.000000000000000000e+00 9.800000000000000933e-01
5.000000000000000000e+00 4.000000000000000000e+00 9.800000000000000933e-01
5.000000000000000000e+00 5.000000000000000000e+00 9.800000000000000933e-01
5.000000000000000000e+00 6.000000000000000000e+00 9.800000000000000933e-01
5.000000000000000000e+00 7.000000000000000000e+00 9.800000000000000933e-01
5.000000000000000000e+00 8.000000000000000000e+00 9.800000000000000933e-01
6.000000000000000000e+00 0.000000000000000000e+00 2.200000000000000289e-01
6.000000000000000000e+00 1.000000000000000000e+00 4.600000000000000755e-01
6.000000000000000000e+00 2.000000000000000000e+00 7.400000000000001021e-01
6.000000000000000000e+00 3.000000000000000000e+00 9.800000000000000933e-01
6.000000000000000000e+00 4.000000000000000000e+00 9.800000000000000933e-01
6.000000000000000000e+00 5.000000000000000000e+00 9.800000000000000933e-01
6.000000000000000000e+00 6.000000000000000000e+00 9.800000000000000933e-01
6.000000000000000000e+00 7.000000000000000000e+00 9.800000000000000933e-01
6.000000000000000000e+00 8.000000000000000000e+00 9.800000000000000933e-01
7.000000000000000000e+00 0.000000000000000000e+00 2.600000000000000089e-01
7.000000000000000000e+00 1.000000000000000000e+00 5.400000000000000355e-01
7.000000000000000000e+00 2.000000000000000000e+00 9.800000000000000933e-01
7.000000000000000000e+00 3.000000000000000000e+00 9.800000000000000933e-01
7.000000000000000000e+00 4.000000000000000000e+00 9.800000000000000933e-01
7.000000000000000000e+00 5.000000000000000000e+00 9.800000000000000933e-01
7.000000000000000000e+00 6.000000000000000000e+00 9.800000000000000933e-01
7.000000000000000000e+00 7.000000000000000000e+00 9.800000000000000933e-01
7.000000000000000000e+00 8.000000000000000000e+00 9.800000000000000933e-01
8.000000000000000000e+00 0.000000000000000000e+00 3.000000000000000444e-01
8.000000000000000000e+00 1.000000000000000000e+00 6.400000000000001243e-01
8.000000000000000000e+00 2.000000000000000000e+00 9.800000000000000933e-01
8.000000000000000000e+00 3.000000000000000000e+00 9.800000000000000933e-01
8.000000000000000000e+00 4.000000000000000000e+00 9.800000000000000933e-01
8.000000000000000000e+00 5.000000000000000000e+00 9.800000000000000933e-01
8.000000000000000000e+00 6.000000000000000000e+00 9.800000000000000933e-01
8.000000000000000000e+00 7.000000000000000000e+00 9.800000000000000933e-01
8.000000000000000000e+00 8.000000000000000000e+00 9.800000000000000933e-01
9.000000000000000000e+00 0.000000000000000000e+00 3.400000000000000799e-01
9.000000000000000000e+00 1.000000000000000000e+00 7.600000000000001199e-01
9.000000000000000000e+00 2.000000000000000000e+00 9.800000000000000933e-01
9.000000000000000000e+00 3.000000000000000000e+00 9.800000000000000933e-01
9.000000000000000000e+00 4.000000000000000000e+00 9.800000000000000933e-01
9.000000000000000000e+00 5.000000000000000000e+00 9.800000000000000933e-01
9.000000000000000000e+00 6.000000000000000000e+00 9.800000000000000933e-01
9.000000000000000000e+00 7.000000000000000000e+00 9.800000000000000933e-01
9.000000000000000000e+00 8.000000000000000000e+00 9.800000000000000933e-01
