4.000000000000000083e-02 1.112767898871653421e-02 1.544822192189149734e-01 -2.502234458533500114e-02
5.999999999999999778e-02 1.112767898871653421e-02 1.601566220900240978e-01 -3.038870572908830905e-02
7.999999999999998779e-02 1.112767898871653421e-02 1.612403225300431953e-01 -3.430946888212062923e-02
1.000000000000000056e-01 1.112767898871653421e-02 1.596685744494554804e-01 -3.774185286216120289e-02
1.500000000000000222e-01 1.112767898871653421e-02 1.496961009683420996e-01 -4.433250414659174743e-02
2.000000000000000389e-01 1.112767898871653421e-02 1.354156629989453908e-01 -4.887074876128394418e-02
2.500000000000000555e-01 1.112767898871653421e-02 1.189157072151652145e-01 -5.211105694486731915e-02
3.000000000000000444e-01 1.112767898871653421e-02 1.010247131111873531e-01 -5.423510727074638132e-02
3.500000000000000888e-01 1.112767898871653421e-02 8.243673441706600435e-02 -5.576149932454192021e-02
4.000000000000001332e-01 1.112767898871653421e-02 6.313047932751877922e-02 -5.641105158782962897e-02
4.500000000000000666e-01 1.112767898871653421e-02 4.331687756891419022e-02 -5.661517384847704337e-02
5.000000000000001110e-01 1.112767898871653421e-02 2.265945368772310370e-02 -5.642318817138891607e-02
5.500000000000001554e-01 1.112767898871653421e-02 1.016013530588090246e-03 -5.594697265500591515e-02
6.000000000000001998e-01 1.112767898871653421e-02 -2.185826553023741819e-02 -5.524023352362140982e-02
6.500000000000001332e-01 1.112767898871653421e-02 -4.583071902530974628e-02 -5.445060220648116622e-02
7.000000000000001776e-01 1.112767898871653421e-02 -5.771200330322162619e-02 -5.337101038711943024e-02
7.500000000000002220e-01 1.112767898871653421e-02 -6.248866339575687157e-02 -5.270875843515480247e-02
8.000000000000001554e-01 1.112767898871653421e-02 -6.284675573462267240e-02 -5.252661442322198448e-02
8.500000000000001998e-01 1.112767898871653421e-02 -6.084084456544987252e-02 -5.308261900145601342e-02
9.000000000000002442e-01 1.112767898871653421e-02 -5.901965516283327190e-02 -5.539034133225796686e-02
9.500000000000002887e-01 1.112767898871653421e-02 -6.248244749065744869e-02 -6.290234897345305110e-02
