1.000000000000000021e-02 1.112767898871653421e-02 1.109784425161050442e-01 -1.155597423502212860e-02
2.000000000000000042e-02 1.112767898871653421e-02 1.337638180995363579e-01 -1.698493342591012728e-02
2.999999999999999889e-02 1.112767898871653421e-02 1.457676374354691384e-01 -2.105589341475101739e-02
4.000000000000000083e-02 1.112767898871653421e-02 1.529696273463252154e-01 -2.440894007477797251e-02
5.000000000000000278e-02 1.112767898871653421e-02 1.574254829689990254e-01 -2.729495411406706804e-02
6.000000000000000472e-02 1.112767898871653421e-02 1.601028748202748819e-01 -2.984403018140378144e-02
6.999999999999999278e-02 1.112767898871653421e-02 1.615377881841656427e-01 -3.213407593686705421e-02
8.000000000000000167e-02 1.112767898871653421e-02 1.620587749530057464e-01 -3.421639464941510916e-02
8.999999999999999667e-02 1.112767898871653421e-02 1.618820241403935156e-01 -3.612703449393822597e-02
1.000000000000000056e-01 1.112767898871653421e-02 1.611573905976099452e-01 -3.789254222083151408e-02
1.200000000000000094e-01 1.112767898871653421e-02 1.584691300805717018e-01 -4.106493795312834982e-02
1.400000000000000133e-01 1.112767898871653421e-02 1.545748853709132675e-01 -4.385034297149735527e-02
1.600000000000000311e-01 1.112767898871653421e-02 1.498234034592857700e-01 -4.632658073807071480e-02
1.800000000000000211e-01 1.112767898871653421e-02 1.444385038354949746e-01 -4.854915808088515472e-02
2.000000000000000111e-01 1.112767898871653421e-02 1.385705251127428150e-01 -5.055937195821567226e-02
2.200000000000000289e-01 1.112767898871653421e-02 1.323241967202191116e-01 -5.238906753176832132e-02
2.400000000000000189e-01 1.112767898871653421e-02 1.257743701331063557e-01 -5.406375283570581669e-02
2.600000000000000089e-01 1.112767898871653421e-02 1.189753951347008037e-01 -5.560445644350336253e-02
2.800000000000000266e-01 1.112767898871653421e-02 1.119670536680838491e-01 -5.702880642374431874e-02
3.000000000000000444e-01 1.112767898871653421e-02 1.047784573905654187e-01 -5.835185962886931671e-02
3.200000000000000622e-01 1.112767898871653421e-02 9.743073570937683947e-02 -5.958673783694787979e-02
3.400000000000000799e-01 1.112767898871653421e-02 8.993881973599573976e-02 -6.074510856798814862e-02
3.600000000000000977e-01 1.112767898871653421e-02 8.231274415078290718e-02 -6.183751325272482391e-02
3.800000000000000044e-01 1.112767898871653421e-02 7.455854913299225784e-02 -6.287365948691270301e-02
4.000000000000000222e-01 1.112767898871653421e-02 6.667888934323520922e-02 -6.386264915321615554e-02
4.200000000000000400e-01 1.112767898871653421e-02 5.867349376477893480e-02 -6.481318754890376399e-02
4.400000000000000577e-01 1.112767898871653421e-02 5.053945873649894061e-02 -6.573374401372669706e-02
4.600000000000000755e-01 1.112767898871653421e-02 4.227141046776471123e-02 -6.663272188681708397e-02
4.800000000000000933e-01 1.112767898871653421e-02 3.386156025852712220e-02 -6.751862178291577476e-02
5.000000000000001110e-01 1.112767898871653421e-02 2.529967456861999253e-02 -6.840021827625714090e-02
5.200000000000001288e-01 1.112767898871653421e-02 1.657293455433652210e-02 -6.928673811119233361e-02
5.400000000000000355e-01 1.112767898871653421e-02 7.665699887875353745e-03 -7.018805815713523300e-02
5.600000000000000533e-01 1.112767898871653421e-02 -1.440837656227329788e-03 -7.111492601212540676e-02
5.800000000000000711e-01 1.112767898871653421e-02 -1.076913067912798824e-02 -7.207923563110330001e-02
6.000000000000000888e-01 1.112767898871653421e-02 -2.034592633038448742e-02 -7.309436292114832034e-02
6.200000000000001066e-01 1.112767898871653421e-02 -3.020314691255466394e-02 -7.417560051358723650e-02
6.400000000000001243e-01 1.112767898871653421e-02 -4.037906193488789708e-02 -7.534069931145415122e-02
6.600000000000000311e-01 1.112767898871653421e-02 -4.834799703391394476e-02 -7.661057510580998597e-02
6.800000000000000488e-01 1.112767898871653421e-02 -5.358796847265717006e-02 -7.801023845476616481e-02
7.000000000000000666e-01 1.112767898871653421e-02 -5.720574078443291938e-02 -7.957004997345581976e-02
7.200000000000000844e-01 1.112767898871653421e-02 -5.955458016464940801e-02 -8.132745017393318288e-02
7.400000000000001021e-01 1.112767898871653421e-02 -6.083699450265270259e-02 -8.332940071959338280e-02
7.600000000000001199e-01 1.112767898871653421e-02 -6.119299365678593922e-02 -8.563591107745073538e-02
7.800000000000001377e-01 1.112767898871653421e-02 -6.073142114844739398e-02 -8.832527605760727429e-02
8.000000000000001554e-01 1.112767898871653421e-02 -5.954532387501198371e-02 -9.150210459938080965e-02
8.200000000000001732e-01 1.112767898871653421e-02 -5.772175572150895634e-02 -9.531009923248498494e-02
8.400000000000000799e-01 1.112767898871653421e-02 -5.535011151027979803e-02 -9.995331987821121089e-02
8.600000000000000977e-01 1.112767898871653421e-02 -5.253173138798534342e-02 -1.057335541536124357e-01
8.800000000000001155e-01 1.112767898871653421e-02 -4.939427200165728837e-02 -1.131205701578764933e-01
9.000000000000001332e-01 1.112767898871653421e-02 -4.611791023364293640e-02 -1.228961394665580020e-01
9.200000000000001510e-01 1.112767898871653421e-02 -4.299186283964585159e-02 -1.364855346730208252e-01
9.400000000000001688e-01 1.112767898871653421e-02 -4.056129390808744378e-02 -1.568567099206520099e-01
9.600000000000001865e-01 1.112767898871653421e-02 -4.012557741676069795e-02 -1.916728499574631428e-01
9.800000000000000933e-01 1.112767898871653421e-02 -4.650325031121060188e-02 -2.712957224750313090e-01
